# id	left	top	right	bottom	texture_id
[SPRITES]
20003	372	135	387	150	20
#DISSAPEAR
20004	459	44	469	54	20
20005	472	42	487	57	20
20006	490	45	505	56	20

#glass brick
22001	300	135	315	150	20
22002	318	135	333	150	20
22003	336	135	351	150	20
22004	354	135	369	150	20
22005	372	135	387	150	20

22006	372	117	387	132	20
# ani_id	sprite1_id	time1	sprite2_id	time2	...
[ANIMATIONS]
2003	20003	100

#BREAK
2004	20004	100	20005	100	20006	100

#glass brick
2005	22001	100	22002	100	22003	100	22004	100	22005	100

#empty brick 
2006	22006	1000