# id	left	top	right	bottom	texture_id
[SPRITES]
#WALK
31001	4	13	21	30	10
31002	24	13	41	30	10

#DIE
32001	44	19	61	30	10
#Upside down
33001	192	13	209	30	11

#PARA-GOOMBA

#WALK
33101	104	70	119	85	11
33102	125	70	140	85	11

#DIE
33201	144	75	161	86	11

#Upside down
33301	192	39	209	56	11

#WING-WALK
34101	116	39	135	58	11
34102	140	39	159	58	11
#FLY
34201	66	35	85	58	11
34202	90	35	109	58	11
# ani_id	sprite1_id	time1	sprite2_id	time2	...
[ANIMATIONS]
5000	31001	100	31002	100
5001	32001	100
5002	33001	100

5100	33101	100	33102	100
5101	33201	100

5102	33301	100

5103	34201	100	34202	100
5104	34101	100	34102	100