# id	left	top	right	bottom	texture_id

[SPRITES]
##### RED #####
# WALK LEFT
101001	28	65	43	92	11
101002	47	65	62	92	11

# WALK RIGHT
101003	603	65	620	92	11
101004	584	65	601	92	11

# SHELL
102001	71	75	88	90	11
102002	29	96	44	113	11
102003	50	96	65	113	11
102004	71	96	86	113	11
#Upside SHELL
102005	199	72	216	89	11

##### GREEN #####
# WALK LEFT
101005	30	118	47	145	11
101006	49	118	66	145	11

# WALK RIGHT
101007	600	118	617	145	11
101008	581	118	598	145	11

# SHELL DOWN
102006	71	126	92	143	11
102007	31	148	48	165	11
102008	52	148	69	165	11
102009	73	148	90	165	11
#Upside SHELL
102010	224	72	241	89	11

# GREEN WING

# FLY LEFT
101201	965	408	982	435	13
101202	946	408	963	435	13
101203	929	408	946	435	13
101204	911	408	928	435	13


# FLY RIGHT
101205	965	409	982	435	13
101206	946	408	963	435	13
101207	929	409	946	435	13
101208	911	408	928	435	13

# ani_id	sprite1_id	time1	sprite2_id	time2	...

[ANIMATIONS]
####RED####
# WALKING
10000	101001	100	101002	100
10010	101003	100	101004	100

# SHELL
10001	102002	100

# ATTACKING
10002	102002	100	102003	100	102004	100

# SHELL REFORM
10003	102002	300	102001	500

#SHELL UPSIDEDOWN
10004	102005	100

####GREEN####
# WALKING
10005	101005	100	101006	100
10015	101007	100	101008	100

# SHELL
10006	102007	100

# ATTACKING
10007	102007	100	102008	100	102009	100

# SHELL REFORM
10008	102007	300	102006	500

#SHELL UPSIDEDOWN
10009	102010	100
# GREEN FLY

10120	101201	150	101202	150	101203	150	101204	150
10121	101205	150	101206	150	101207	150	101208	150