# id	left	top	right	bottom	texture_id
[SPRITES]
#####  BIG ###############
#IDLE
11121	246	154	259	181	0
11111	186	154	199	181	0

#WALKING RIGHT
11222	275	154	290	181	0
11223	304	154	321	181	0

#WALKING LEFT
11212	155	154	170	181	0
11213	125	154	140	181	0

#RUNNING RIGHT
11321	334	154	355	181	0
11322	334	154	355	181	0
11323	392	154	413	181	0

#RUNNING LEFT
11311	91	154	112	181	0
11312	65	154	86	181	0
11313	34	154	55	181	0

#JUMP WALK RIGHT
11417	395	275	412	302	0
11413	35	275	52	302	0

#JUMP RUN RIGHT & LEFT
11427	394	195	413	222	0
11423	35	195	52	222	0

#SIT RIGHT & LEFT 
11521	426	239	441	256	0
11511	5	239	20	256	0

#BRACE RIGHT & LEFT 
11621	425	154	442	181	0
11611	5	154	22	181	0

# KICK LEFT & RIGHT
11711	2	274	25	301	0
11721	423	274	446	301	0

# HANDING LEFT & RIGHT
11731	66	234	81	260	0
11741	366	234	381	260	0

#DIE
13001	215	120	234	137	0

#TRANSFORM
14011	65	276	80	298	0
14021	364	276	381	301	0

############ SMALL ################
 #IDLE
12121	247	0	260	15	0
12111	187	0	200	15	0

#WALK RIGHT
12222	275	0	292	15	0
12223	306	0	321	15	0

#WALK LEFT
12212	155	0	170	15	0
12213	125	0	140	15	0

#RUN RIGHT
12321	275	0	290	15	0
12322	306	0	321	15	0
12323	335	0	350	15	0

#RUN LEFT
12311	155	0	170	15	0
12312	125	0	140	15	0
12313	95	0	110	15	0

#BRACE RIGHT & LEFT
12511	6	0	19	15	0
12521	426	0	439	15	0

#JUMP WALK RIGHT & LEFT 
12413	35	80	50	95	0
12417	395	80	410	95	0

#JUMP RUN RIGHT & LEFT 
12423	65	40	80	55	0
12427	365	40	380	55	0

#KICK LEFT & RIGHT
12711	5	80	22	95	0
12721	425	80	442	95	0	

# HANDING LEFT & RIGHT IDLE
12811	185	120	200	135	0
12821	245	120	260	135	0
12831	155	120	170	135	0
12841	275	120	290	135	0

# ani_id	sprite1_id	time1	sprite2_id	time2	...
[ANIMATIONS]
400	11121	100
401	11111	100

#WALKING RIGHT & LEFT 
500	11121	100	11222	100	11223	100
501	11111	100	11212	100	11213	100

#RUNNING RIGHT & LEFT
600	11321	50	11322	50	11323	50
601	11311	50	11312	50	11313	50

#JUMP WALK
700	11417	100
701	11413	100

#JUMP RUN
800	11427	100
801	11423	100

#SIT RIGHT & LEFT 
900	11521	100
901	11511	100

#BRACE RIGHT & LEFT 
1000	11621	100
1001	11611	100

#DIE
999	13001	100


#KICK LEFT & RIGHT
1031	11711	500
1041	11721	500

#HANDING LEFT & RIGHT
1051	11731	100
1061	11741	100

#TRANSFORM TO SMALL
1011	11111	50	14011	50	11111	50	14011	50	11111	50	14011	50	12111	50	14011	50	12111	1000
1021	11121	50	14021	50	11121	50	14021	50	11121	50	14021	50	12121	50	14021	50	12121	1000

################### SMALL #################
1100	12121	100
1102	12111	100


#WALK LEFT & RIGHT 
1200	12121	100	12222	100	12223	100
1201	12111	100	12212	100	12213	100

#RUN LEFT & RIGHT
1300	12321	100	12322	100	12323	100
1301	12311	100	12312	100	12313	100

#BRACE LEFT & RIGHT
1401	12511	100
1400	12521	100

#JUMP WALK
1500	12417	100
1501	12413	100

#JUMP RUN 
1601	12423	100
1600	12427	100

#KICK LEFT & RIGHT
1711	12711	500
1721	12721	500

#HANDING LEFT & RIGHT
1731	12811	100
1741	12821	100
1751	12811	100	12831	100
1761	12821	100	12841	100
1771	12811	50	12831	50
1781	12821	50	12841	50

#TRANSFORM TO BIG
1700	12111	50	14011	50	12111	50	14011	50	12111	50	14011	50	11111	50	14011	50	11111	1000
1701	12121	50	14021	50	12121	50	14021	50	12121	50	14021	50	11121	50	14021	50	11121	1000