# id	left	top	right	bottom	texture_id
[SPRITES]
# Pipe
111001	426	154	443	169	22
111002	442	154	459	169	22
111003	458	154	475	169	22

112001	426	171	443	186	22
112002	442	171	459	186	22
112003	458	171	475	186	22

113001	426	186	443	201	22
113002	442	186	459	201	22
113003	458	186	475	201	22
# ani_id	sprite1_id	time1	sprite2_id	time2	...
[ANIMATIONS]
111011	111001	50
111021	111002	50
111031	111003	50

112012	112001	50
112022	112002	50
112032	112003	50

113013	113001	50
113023	113002	50
113033	113003	50