# id	left	top	right	bottom	texture_id
[SPRITES]
# Plant
#PIRANHA
132001	6	107	25	130	11
132002	6	137	25	160	11

#VENUS
#RED
131001	900	228	917	261	13
131002	900	262	917	295	13
131003	946	228	963	261	13
131004	944	262	961	295	13
## MOVE HEAD RED
# TOP LEFT
131005	918	228	935	261	13

# TOP RIGHT
131006	918	262	935	295	13

# BOTTOM LEFT
131007	965	228	982	261	13

# BOTTOM RIGHT
131008	962	262	979	295	13

#GREEN
133001	6	166	21	189	11
133002	6	195	21	218	11
133003	626	166	641	189	11
133004	626	195	641	218	11

#FIREBALL
#RIGHT
134001	35	36	42	43	11
134002	50	37	57	44	11
134003	50	50	57	57	11
134004	35	50	42	57	11

#LEFT
134005	590	37	597	44	11
134006	605	36	612	43	11
134007	605	50	612	57	11
134008	590	50	597	57	11

#DISSAPEAR
133005	459	44	469	54	20
133006	472	42	487	57	20
133007	490	45	505	56	20

# ani_id	sprite1_id	time1	sprite2_id	time2	...
[ANIMATIONS]
#PIRANHA
132011	132001	100	132002	100

#VENUS
#RED
131011	131002	100
131012	131001	100

131013	131004	100
131014	131003	100

# MOVE HEAD TOP LEFT
131015	131001	100	131005	100

# MOVE HEAD TOP RIGHT
131016	131002	100	131006	100

# MOVE HEAD BOTTOM LEFT
131017	131003	100	131007	100

# MOVE HEAD BOTTOM RIGHT
131018	131004	100	131008	100

#GREEN
133011	133002	100
133012	133001	100

133013	133004	100
133014	133003	100

#FIRE BALL
134011	134001	200	134002	200	134003	200	134004	200
134012	134005	200	134006	150	134007	150	134008	150

133015	133005	100	133006	100	133007	100