# list of object assets to load in this scene
[ASSETS]
mario.txt
brick.txt
coin.txt
goomba.txt
koopas.txt
ground.txt
box.txt
cloud.txt
background.txt
powerup.txt
qblock.txt
pipe.txt
90003 336 117 352 133 20
#
[OBJECTS]
# type	x	y	extra_settings per object type
# type: 0 = Mario , 1 = Brick, 2 = Goomba, 3 = Koopas, 4 = Coin, 5 = Platform, 6 = Background
# See OBJECT_TYPE constants in AssetIDs.h


# Background
# extra: cell_width	length	sprite_id_background

## BUSH
6	75	155	0	1	72000

6	165	179	16	3	71000

6	708	163	16	6	71000

6	920	138	0	1	73000

6	1017	146	0	1	74000

6	1087	163	16	2	71000

## CLOUD WITH EYES
6	145	45	0	1	55000

6	350	25	0	1	54000

6	690	45	0	1	54000

6	790	75	0	1	55000
##BOXS

# WHITE BOX
5	546	83	16	15	4	89300	89310	89320
5	546	99	16	15	4	89400	89410	89420
5	546	115	16	15	4	89400	89410	89420
5	546	131	16	15	4	89400	89410	89420
5	546	147	16	15	4	89400	89410	89420
5	546	163	16	15	4	89400	89410	89420
5	546	179	16	15	4	89500	89510	89520

6	606	87	0	1	80100
6	606	97	11	6	80200	2
6	606	183	0	1	80300

# BLUE BOX
5	275	116	16	15	3	84000	84100	84200
5	275	132	16	15	3	85000	85100	85200
5	275	148	16	15	3	85000	85100	85200
5	275	164	16	15	3	85000	85100	85200
5	275	178	16	15	3	86000	86100	86200


6	318	121	0	1	80100
6	318	131	11	6	80200	2
6	318	188	0	1	80300

# PINK BOX
5	241	146	16	15	3	81000	81100	81200
5	241	162	16	15	3	82000	82100	82200
5	241	178	16	15	3	83000	83100	83200

6	285	150	0	1	80100
6	285	160	11	3	80200	2
6	285	182	0	1	80300

5	498	116	16	15	4	81000	81100	81200
5	498	132	16	15	4	82000	82100	82200
5	498	148	16	15	4	82000	82100	82200
5	498	164	16	15	4	82000	82100	82200
5	498	180	16	15	4	83000	83100	83200

6	558	120	0	1	80100
6	558	130	11	4	80200	2
6	558	184	0	1	80300

# GREEN BOX
5	418	147	16	16	6	87000	87100	87200
5	418	163	16	16	6	88000	88100	88200
5	418	179	16	16	6	89000	89100	89200

6	510	151	0	1	80100
6	510	161	11	3	80200	2
6	510	183	0	1	80300

5	546	163	16	16	6	87000	87100	87200
5	546	179	16	16	6	89000	89100	89200

6	638	167	0	1	80100
6	638	177	12	1	80200	2
6	638	184	0	1	80300

# MARIO
#0	40	171
0	500	150

# QUESTIONS BLOCK
7	180	120	1
7	196	120	1

7	244	80	2
7	228	80	1

7	450	93	1

7	692	163	2

7	740	120	1

# POWERUP

# Pipe
9	370	163

#COIN


#Goomba
2	120	175

#Koopa
3	560	140

#Platform
#type	x	y	width	height	length	id_begin	id_middle	id_end	draw_direction
##CLOUDS



##GROUNDS
5	5	194	16	14	41	61000	62000	63000

5	660	178	16	14	30	61000	62000	63000
5	660	195	16	14	30	64000	65000	66000

#Portal 